==================================================
  训练记录 - model_7
==================================================

训练时间: 2026-05-17 11:08:22
模型目录: ./model\model_7

--- 训练配置 ---
  epochs       : 100
  batch_size   : 128
  learning_rate: 0.001
  device       : cuda:0

--- 训练结果 ---
  最佳 epoch     : 30/100
  最佳验证准确率  : 0.6781

--- 指标变化 ---
Epoch    Train Loss   Train Acc    Val Loss     Val Acc     
1        1.6333       0.5813       1.6890       0.5439      
2        1.5859       0.6208       1.7820       0.4480      
3        1.5845       0.6176       1.6294       0.5843      
4        1.5403       0.6572       1.6740       0.5641      
5        1.5938       0.6107       1.7354       0.4601      
6        1.5971       0.6128       1.8316       0.4238      
7        1.6092       0.5964       1.6710       0.5560      
8        1.5458       0.6446       1.6470       0.5752      
9        1.5631       0.6409       1.6854       0.5187      
10       1.5300       0.6641       1.6439       0.5923      
11       1.5255       0.6665       1.5979       0.6065      
12       1.5380       0.6526       1.6598       0.5742      
13       1.5238       0.6684       1.6849       0.5328      
14       1.5272       0.6695       1.6270       0.5863      
15       1.5237       0.6639       1.6145       0.6024      
16       1.4947       0.6924       1.6242       0.6085      
17       1.4833       0.7015       1.6055       0.6186      
18       1.4645       0.7155       1.5617       0.6387      
19       1.4584       0.7207       1.5847       0.6317      
20       1.4479       0.7304       1.6221       0.5994      
21       1.4987       0.6868       1.6039       0.6024      
22       1.4747       0.7071       1.5984       0.6085      
23       1.5011       0.6894       1.6391       0.5752      
24       1.4652       0.7151       1.5667       0.6438      
25       1.4417       0.7350       1.5626       0.6498      
26       1.4403       0.7382       1.5847       0.6125      
27       1.4504       0.7268       1.6304       0.5711      
28       1.4533       0.7278       1.6302       0.6065      
29       1.4344       0.7471       1.5458       0.6529      
30       1.4423       0.7300       1.5185       0.6781      
31       1.4225       0.7503       1.5912       0.6347      
32       1.4265       0.7477       1.5696       0.6367      
33       1.4126       0.7581       1.5823       0.6186      
34       1.4142       0.7594       1.5781       0.6347      
35       1.3978       0.7722       1.5598       0.6478      
36       1.4343       0.7324       1.5498       0.6488      
37       1.4159       0.7514       1.5839       0.6327      
38       1.4114       0.7546       1.5787       0.6236      
39       1.4059       0.7594       1.5564       0.6529      
40       1.3813       0.7853       1.5335       0.6731      

--- 完整路径 ---
  best.pt            : ./model\model_7/best_model_7.pt
  last.pt            : ./model\model_7/last_model_7.pt
  训练曲线          : ./model\model_7/training_history_model_7.png
  tensorboard log    : ./model\model_7\log\2026-05-17-02-42-17
