==================================================
  训练记录 - model_12
==================================================

训练时间: 2026-05-17 22:48:21
模型目录: ./model\model_12

--- 训练配置 ---
  epochs         : 100
  batch_size     : 128
  learning_rate   : 0.001
  device          : cuda:0
  loss_function   : FocalLoss (gamma=1.0)
  lr_scheduler     : CosineAnnealing
  lr_min          : 1e-06
  early_stop      : 启用
  early_stop_patience: 15
  early_stop_min_delta: 0.005
  alpha来源        : model_1_test

--- 训练结果 ---
  最佳 epoch     : 26/100
  最佳验证准确率  : 0.8232

--- 指标变化 ---
Epoch    Train Loss   Train Acc    Val Loss     Val Acc      LR          
1        0.7259       0.6755       0.7846       0.7020       0.001000    
2        0.3739       0.8204       0.5181       0.7566       0.001000    
3        0.2464       0.8785       0.6482       0.7444       0.000999    
4        0.1654       0.9235       0.6637       0.7414       0.000998    
5        0.1540       0.9204       0.6683       0.7778       0.000996    
6        0.1201       0.9399       1.0535       0.6990       0.000994    
7        0.0838       0.9535       0.6482       0.7919       0.000991    
8        0.0626       0.9682       0.8365       0.7525       0.000988    
9        0.0644       0.9671       1.3448       0.6232       0.000984    
10       0.0624       0.9674       0.7161       0.7657       0.000980    
11       0.0362       0.9803       0.8157       0.7798       0.000976    
12       0.1187       0.9425       0.9013       0.7121       0.000970    
13       0.1187       0.9464       0.7838       0.7444       0.000965    
14       0.0646       0.9678       0.7716       0.7697       0.000959    
15       0.0441       0.9803       0.7470       0.7889       0.000952    
16       0.0535       0.9764       0.7200       0.8010       0.000946    
17       0.0219       0.9883       0.9587       0.7616       0.000938    
18       0.0531       0.9747       0.8769       0.7515       0.000930    
19       0.0375       0.9805       0.6853       0.7990       0.000922    
20       0.0121       0.9933       0.7578       0.8051       0.000914    
21       0.0215       0.9894       0.7788       0.7859       0.000905    
22       0.0081       0.9955       0.7944       0.8051       0.000895    
23       0.0328       0.9831       0.7572       0.7838       0.000885    
24       0.0166       0.9920       0.6884       0.8081       0.000875    
25       0.0065       0.9972       0.7656       0.8020       0.000865    
26       0.0038       0.9978       0.6794       0.8232       0.000854    
27       0.0042       0.9976       0.6766       0.8061       0.000842    
28       0.0067       0.9961       0.7855       0.7899       0.000831    
29       0.0028       0.9985       0.7086       0.8242       0.000819    
30       0.0018       0.9989       0.7173       0.8182       0.000807    
31       0.0014       0.9991       0.7314       0.8192       0.000794    
32       0.0012       0.9989       0.7358       0.8222       0.000781    
33       0.0012       0.9987       0.7440       0.8202       0.000768    
34       0.0102       0.9950       0.8060       0.7929       0.000755    
35       0.0569       0.9756       0.7619       0.7586       0.000741    
36       0.0522       0.9780       0.7673       0.7828       0.000727    
37       0.0165       0.9909       0.7596       0.7970       0.000713    
38       0.0146       0.9924       0.7578       0.8071       0.000699    
39       0.0084       0.9957       0.8697       0.7859       0.000684    
40       0.0043       0.9972       0.7499       0.8111       0.000670    
41       0.0016       0.9994       0.7328       0.8152       0.000655    

--- 完整路径 ---
  best.pt            : ./model\model_12/best_model_12.pt
  last.pt            : ./model\model_12/last_model_12.pt
  训练曲线          : ./model\model_12/training_history_model_12.png
  tensorboard log    : ./model\model_12\log\2026-05-17-14-06-29
